Ruta 1:
1 35 35
2 41 49
21 45 65
67 49 73
71 37 56
1 35 35

Ruta 2:
1 35 35
3 35 17
58 32 12
16 30 5
44 23 3
93 22 22
60 21 24
98 25 21
1 35 35

Ruta 3:
1 35 35
4 55 45
34 53 52
52 49 58
70 37 47
1 35 35

Ruta 4:
1 35 35
56 63 23
26 65 20
5 55 20
57 53 12
76 49 11
1 35 35

Ruta 5:
1 35 35
97 22 27
6 15 30
85 11 31
1 35 35

Ruta 6:
1 35 35
7 25 30
17 10 20
45 11 14
92 15 19
101 18 18
1 35 35

Ruta 7:
1 35 35
8 20 50
63 24 58
1 35 35

Ruta 8:
1 35 35
18 5 30
46 6 38
9 10 43
47 2 48
48 8 56
49 13 52
83 15 47
1 35 35

Ruta 9:
1 35 35
79 61 52
35 65 55
36 63 65
66 62 77
72 57 68
10 55 60
82 55 54
1 35 35

Ruta 10:
1 35 35
11 30 60
12 20 65
65 15 77
50 6 68
37 2 60
20 15 60
89 26 52
1 35 35

Ruta 11:
1 35 35
13 50 35
25 65 35
30 64 42
80 57 48
1 35 35

Ruta 12:
1 35 35
96 25 24
43 24 12
88 28 18
14 30 25
1 35 35

Ruta 13:
1 35 35
87 4 18
39 5 5
15 15 10
99 19 21
1 35 35

Ruta 14:
1 35 35
95 26 27
61 17 34
84 14 37
19 20 40
90 26 35
1 35 35

Ruta 15:
1 35 35
22 45 20
73 47 16
74 44 17
1 35 35

Ruta 16:
1 35 35
40 60 12
68 67 5
24 55 5
23 45 10
1 35 35

Ruta 17:
1 35 35
27 45 30
55 57 29
81 56 37
69 56 39
1 35 35

Ruta 18:
1 35 35
28 35 40
31 40 60
33 35 69
91 31 67
64 27 69
1 35 35

Ruta 19:
1 35 35
51 47 47
78 53 43
77 49 42
29 41 37
1 35 35

Ruta 20:
1 35 35
54 37 31
59 36 26
53 27 43
32 31 52
1 35 35

Ruta 21:
1 35 35
38 20 20
86 16 22
62 12 24
94 18 24
100 20 26
1 35 35

Ruta 22:
1 35 35
41 40 25
75 46 13
42 42 7
1 35 35

