Ruta 1:
1 35 35
2 41 49
21 45 65
67 49 73
71 37 56
1 35 35

Ruta 2:
1 35 35
3 35 17
16 30 5
44 23 3
58 32 12
60 21 24
93 22 22
98 25 21
1 35 35

Ruta 3:
1 35 35
4 55 45
34 53 52
52 49 58
70 37 47
1 35 35

Ruta 4:
1 35 35
5 55 20
26 65 20
56 63 23
57 53 12
76 49 11
1 35 35

Ruta 5:
1 35 35
6 15 30
85 11 31
97 22 27
1 35 35

Ruta 6:
1 35 35
7 25 30
17 10 20
45 11 14
92 15 19
101 18 18
1 35 35

Ruta 7:
1 35 35
8 20 50
63 24 58
1 35 35

Ruta 8:
1 35 35
9 10 43
18 5 30
46 6 38
47 2 48
48 8 56
49 13 52
83 15 47
1 35 35

Ruta 9:
1 35 35
10 55 60
35 65 55
36 63 65
66 62 77
72 57 68
79 61 52
82 55 54
1 35 35

Ruta 10:
1 35 35
11 30 60
12 20 65
20 15 60
37 2 60
50 6 68
65 15 77
89 26 52
1 35 35

Ruta 11:
1 35 35
13 50 35
25 65 35
30 64 42
80 57 48
1 35 35

Ruta 12:
1 35 35
14 30 25
43 24 12
88 28 18
96 25 24
1 35 35

Ruta 13:
1 35 35
15 15 10
39 5 5
87 4 18
99 19 21
1 35 35

Ruta 14:
1 35 35
19 20 40
61 17 34
84 14 37
90 26 35
95 26 27
1 35 35

Ruta 15:
1 35 35
22 45 20
73 47 16
74 44 17
1 35 35

Ruta 16:
1 35 35
23 45 10
24 55 5
40 60 12
68 67 5
1 35 35

Ruta 17:
1 35 35
27 45 30
55 57 29
69 56 39
81 56 37
1 35 35

Ruta 18:
1 35 35
28 35 40
31 40 60
33 35 69
64 27 69
91 31 67
1 35 35

Ruta 19:
1 35 35
29 41 37
51 47 47
77 49 42
78 53 43
1 35 35

Ruta 20:
1 35 35
32 31 52
53 27 43
54 37 31
59 36 26
1 35 35

Ruta 21:
1 35 35
38 20 20
62 12 24
86 16 22
94 18 24
100 20 26
1 35 35

Ruta 22:
1 35 35
41 40 25
42 42 7
75 46 13
1 35 35

